# t N N/t \ln{N + \sigma}-\ln{N} \ln{N}-\ln{N - \sigma} 
#  s - Bq - - -
240  2572  10.47\pm0.21 2.35 0.02 0.02
480  2265  9.19\pm0.20 2.22 0.02 0.02
720  2120  8.58\pm0.19 2.15 0.02 0.02
960  2110  8.54\pm0.19 2.14 0.02 0.02
1200  2069  8.37\pm0.19 2.12 0.02 0.02
1440  1946  7.86\pm0.18 2.06 0.02 0.02
1680  1868  7.53\pm0.18 2.02 0.02 0.02
1920  1636  6.57\pm0.17 1.88 0.02 0.03
2160  1540  6.17\pm0.16 1.82 0.03 0.03
2400  1383  5.51\pm0.15 1.71 0.03 0.03
2640  1375  5.48\pm0.15 1.70 0.03 0.03
2880  1293  5.14\pm0.15 1.64 0.03 0.03
3120  1278  5.08\pm0.15 1.62 0.03 0.03
3360  1205  4.77\pm0.14 1.56 0.03 0.03
3600  1097  4.32\pm0.13 1.46 0.03 0.03
