# r s t
140542 3.0 37.5
155933 3.7 28.5
169423 5.0 5
172314 5.0 19.5
174182 5.0 18.5
174924 5.0 4.5
175387 3.7 30.5
178284 3.3 35
179053 5.0 10
180477 3.7 30
182531 4.0 25
183756 3.3 35
184328 3.7 28.5
184610 5.0 18.5
184693 5.0 14.5
185088 3.7 30
185167 5.0 4
185178 5.0 4
185179 5.0 4
185287 5.0 14
185515 5.0 4.5
185728 5.0 13.5
185767 5.0 6
185769 3.3 35
185973 5.0 16
186226 5.0 11.5
186399 4.0 24.5
186402 5.0 14.5
186404 5.0 16
186406 5.0 16.5
186528 2.3 44.5
186529 5.0 12
186531 5.0 18
186537 5.0 17
186643 5.0 15
186722 3.0 36
187016 3.3 32.5
187032 5.0 4.5
187121 5.0 5
187516 5.0 15
188906 2.7 42
189223 5.0 3
189530 5.0 19
192744 2.7 42
193004 5.0 20.5
193068 5.0 18
193069 5.0 8
193133 5.0 4
193134 4.0 24.5
193206 3.7 29
193208 5.0 11
193235 3.7 28.5
193237 3.0 39
193238 4.0 24.5
193422 5.0 15.5
193431 5.0 18
193432 5.0 6.5
193434 2.3 45
193453 1.7 51.5
193506 4.0 26.5
193526 5.0 16.5
193527 5.0 10.5
193528 1.3 58
193529 5.0 7.5
193530 4.0 24.5
193531 5.0 19.5
193532 5.0 15
193659 2.7 42
193718 5.0 11
193730 4.0 25.5
193731 3.3 32
193733 5.0 8
193736 5.0 15.5
194016 2.3 45.5
194017 2.7 41
194018 5.0 20
194036 5.0 10
194037 5.0 17.5
194038 5.0 9
194039 3.7 28
194040 1.0 59.5
194041 1.7 52.5
194042 5.0 8
194172 5.0 11.5
194173 5.0 20.5
194299 5.0 18.5
194300 3.7 28.5
194536 4.0 25.5
194540 5.0 7.5
194555 4.0 25
194557 5.0 17
194572 5.0 11.5
194574 4.0 26.5
194576 5.0 12
194702 1.3 56
194841 5.0 11
194909 5.0 10
194918 4.0 25
194919 5.0 9
194921 5.0 4.5
194922 3.3 32.5
194924 2.7 41
194998 4.0 25
195001 5.0 3
195247 5.0 3
195257 2.0 48
195373 3.3 32
195376 5.0 13.5
195377 5.0 19.5
195378 2.7 40
195381 5.0 13.5
195399 4.0 24.5
195400 5.0 6.5
195402 1.7 53
195561 5.0 8.5
195621 5.0 7.5
195887 5.0 15
195889 5.0 13.5
195891 5.0 10.5
195893 5.0 20.5
195898 5.0 5.5
195900 5.0 3
195902 4.0 24.5
195904 5.0 19.5
196036 4.0 24.5
196043 4.0 26
196233 4.0 25
196252 5.0 11.5
196306 5.0 20
196309 5.0 14
196312 5.0 7
196616 5.0 3
197686 5.0 1.5
