# x y
134758 13.5
157686 30.0
164219 11.5
165660 25.5
165803 26.5
168252 53.5
168804 29.5
169861 58.5
172085 33.5
174779 28.5
175838 27.5
176185 53.0
177831 29.0
183692 23.5
183706 23.0
183797 18.0
183934 12.5
184346 18.0
185245 49.0
185998 67.0
186181 34.5
186424 55.5
190031 22.5
190888 30.5
192770 13.0
192962 32.5
193071 29.0
193231 18.0
193254 46.0
193736 26.0
193969 21.0
194017 42.0
194182 25.0
194540 22.0
194918 42.0
194924 64.0
195373 38.0
195904 32.5
197230 25.5
197525 18.0
197530 26.5
200000 39.0
201071 39.0
201081 48.5
201170 54.5
201171 19.5
201204 24.0
201230 33.5
201251 23.0
201275 32.0
201276 13.0
201277 41.0
201306 20.0
201308 19.5
201318 52.0
201320 41.5
201321 50.5
201322 17.5
201361 42.0
201389 25.0
201391 26.5
201406 22.5
201438 33.5
201451 34.0
201453 39.0
201455 63.5
201456 32.5
201457 38.0
201458 37.5
201459 6.0
201460 56.5
201462 53.5
201464 13.0
201467 17.5
201468 48.0
201490 46.0
201491 42.5
201502 36.5
201521 39.0
201522 15.5
201523 11.0
201537 7.5
201538 56.5
201571 19.0
201583 46.0
201661 41.5
201707 30.5
201774 28.5
201777 29.0
201778 41.0
201779 12.5
201858 26.5
201864 17.0
202031 59.5
202038 65.0
202246 70.0
202248 53.0
202775 33.5
203239 32.5
203644 59.5
203932 15.5
203976 21.0
204432 15.5
204695 21.0
204710 23.0
204801 25.5
205315 24.5
205317 66.5
205318 20.5
205319 35.0
205330 13.0
205647 39.5
205767 30.0
205773 46.0
205944 34.0
206221 50.5
206437 53.5
206609 33.0
206844 46.5
206867 20.5
206904 44.5
207159 66.0
207163 15.0
207381 41.0
