#	Temperatur 1 (°C)	Temperatur 2 (°C)	Temperatur 3 (°C)	Temperatur 4 (°C)	Temperatur 5 (°C)	Temperatur 6 (°C)	Temperatur 7 (°C)	Temperatur 8 (°C)
1	16.83	16.58	17.01	17.03	15.66	15.96	17.11	18.95
2	16.86	17.60	18.25	17.09	16.06	18.30	17.25	18.94
3	17.03	19.14	20.09	17.31	17.00	20.75	17.67	18.92
4	17.38	20.68	21.89	17.73	18.20	22.83	18.40	18.92
5	17.86	22.07	23.47	18.31	19.48	24.57	19.32	18.91
6	18.42	23.31	24.85	18.96	20.74	26.05	20.33	18.91
7	19.02	24.39	26.02	19.66	21.98	27.33	21.36	18.92
8	19.63	25.34	27.04	20.35	23.17	28.46	22.37	18.95
9	20.24	26.20	27.92	21.04	24.29	29.48	23.35	18.99
10	20.85	26.95	28.69	21.71	25.36	30.41	24.25	19.05
11	21.45	27.64	29.37	22.35	26.36	31.26	25.09	19.12
12	22.04	28.26	29.97	22.98	27.30	32.03	25.87	19.21
13	22.61	28.82	30.51	23.57	28.18	32.74	26.59	19.32
14	23.16	29.35	31.00	24.14	29.00	33.40	27.25	19.45
15	23.70	29.83	31.44	24.70	29.77	34.01	27.85	19.57
16	24.22	30.29	31.84	25.21	30.50	34.57	28.40	19.72
17	24.72	30.71	32.21	25.71	31.17	35.10	28.91	19.88
18	25.21	31.11	32.56	26.19	31.81	35.60	29.39	20.05
19	25.68	31.48	32.88	26.64	32.40	36.05	29.82	20.22
20	26.13	31.84	33.18	27.07	32.95	36.47	30.23	20.39
21	26.57	32.19	33.46	27.48	33.47	36.87	30.60	20.56
22	27.00	32.51	33.73	27.88	33.95	37.24	30.94	20.75
23	27.41	32.82	33.98	28.25	34.41	37.60	31.26	20.94
24	27.80	33.12	34.22	28.61	34.84	37.93	31.56	21.12
25	28.18	33.41	34.45	28.96	35.24	38.23	31.84	21.30
26	28.55	33.69	34.66	29.29	35.62	38.52	32.10	21.49
27	28.91	33.95	34.87	29.60	35.98	38.79	32.34	21.67
28	29.26	34.21	35.07	29.91	36.32	39.05	32.58	21.86
29	29.59	34.46	35.27	30.19	36.63	39.29	32.79	22.03
30	29.92	34.70	35.45	30.47	36.93	39.52	33.00	22.21
31	30.24	34.94	35.63	30.73	37.21	39.73	33.20	22.39
32	30.54	35.16	35.80	31.00	37.48	39.94	33.38	22.56
33	30.84	35.38	35.96	31.24	37.73	40.14	33.56	22.74
34	31.13	35.60	36.12	31.49	37.98	40.32	33.72	22.90
35	31.40	35.80	36.28	31.72	38.21	40.50	33.88	23.07
36	31.67	36.01	36.43	31.93	38.42	40.66	34.03	23.23
37	31.93	36.20	36.57	32.15	38.63	40.82	34.18	23.40
38	32.19	36.39	36.71	32.35	38.82	40.98	34.32	23.55
39	32.43	36.58	36.85	32.55	39.01	41.12	34.46	23.71
40	32.67	36.76	36.99	32.75	39.19	41.26	34.59	23.86
41	32.91	36.94	37.12	32.93	39.36	41.40	34.72	24.01
42	33.14	37.12	37.25	33.11	39.53	41.53	34.84	24.16
43	33.36	37.28	37.37	33.29	39.69	41.66	34.96	24.30
44	33.57	37.45	37.49	33.46	39.84	41.78	35.07	24.44
45	33.78	37.61	37.61	33.62	39.98	41.90	35.19	24.59
46	33.99	37.76	37.73	33.78	40.13	42.01	35.30	24.73
47	34.19	37.92	37.85	33.94	40.26	42.12	35.41	24.88
48	34.38	38.07	37.96	34.08	40.40	42.23	35.51	25.00
49	34.57	38.22	38.07	34.24	40.52	42.33	35.61	25.14
50	34.75	38.37	38.17	34.38	40.64	42.44	35.70	25.27
51	34.94	38.51	38.28	34.52	40.76	42.54	35.81	25.39
52	35.11	38.65	38.39	34.65	40.87	42.63	35.90	25.52
53	35.28	38.79	38.49	34.79	40.99	42.72	36.00	25.65
54	35.45	38.92	38.59	34.91	41.10	42.82	36.09	25.77
55	35.62	39.06	38.69	35.04	41.21	42.91	36.18	25.89
56	35.78	39.18	38.79	35.16	41.31	43.00	36.27	26.02
57	35.93	39.31	38.88	35.28	41.41	43.09	36.36	26.13
58	36.09	39.44	38.97	35.41	41.51	43.18	36.45	26.25
59	36.24	39.56	39.07	35.53	41.61	43.26	36.53	26.36
60	36.38	39.68	39.16	35.64	41.71	43.34	36.61	26.48
61	36.53	39.79	39.26	35.75	41.80	43.42	36.69	26.59
62	36.67	39.91	39.34	35.85	41.89	43.50	36.78	26.70
63	36.80	40.03	39.43	35.96	41.98	43.58	36.86	26.81
64	36.94	40.14	39.52	36.07	42.07	43.66	36.94	26.93
65	37.08	40.25	39.60	36.18	42.16	43.74	37.03	27.03
66	37.21	40.37	39.69	36.28	42.24	43.81	37.11	27.13
67	37.33	40.47	39.78	36.38	42.32	43.89	37.18	27.24
68	37.46	40.57	39.86	36.47	42.41	43.97	37.26	27.34
69	37.58	40.68	39.94	36.57	42.49	44.04	37.34	27.45
70	37.70	40.79	40.03	36.67	42.57	44.11	37.41	27.55
71	37.82	40.88	40.10	36.76	42.65	44.19	37.50	27.66
72	37.94	40.98	40.18	36.85	42.73	44.26	37.57	27.75
73	38.05	41.08	40.26	36.94	42.81	44.33	37.65	27.85
74	38.16	41.18	40.34	37.03	42.89	44.40	37.72	27.95
75	38.28	41.27	40.41	37.12	42.96	44.47	37.80	28.05
76	38.38	41.37	40.49	37.20	43.03	44.54	37.87	28.14
77	38.49	41.47	40.56	37.29	43.11	44.61	37.95	28.23
78	38.60	41.56	40.65	37.37	43.18	44.68	38.02	28.33
79	38.70	41.65	40.71	37.46	43.25	44.74	38.09	28.42
80	38.80	41.74	40.79	37.54	43.33	44.82	38.17	28.52
81	38.90	41.83	40.86	37.62	43.39	44.88	38.24	28.61
82	39.00	41.92	40.93	37.70	43.47	44.95	38.31	28.70
83	39.10	42.00	41.00	37.78	43.53	45.01	38.38	28.79
84	39.20	42.09	41.08	37.85	43.60	45.08	38.46	28.88
85	39.29	42.17	41.15	37.93	43.67	45.14	38.53	28.97
86	39.38	42.25	41.21	38.01	43.74	45.21	38.60	29.07
87	39.48	42.34	41.29	38.08	43.81	45.27	38.67	29.15
88	39.57	42.42	41.36	38.16	43.87	45.34	38.74	29.23
89	39.65	42.50	41.42	38.23	43.94	45.40	38.81	29.32
90	39.75	42.59	41.50	38.31	44.01	45.46	38.87	29.41
91	39.84	42.67	41.56	38.38	44.07	45.52	38.94	29.49
92	39.92	42.75	41.63	38.45	44.14	45.59	39.01	29.58
93	40.01	42.82	41.69	38.52	44.20	45.65	39.08	29.66
94	40.09	42.90	41.76	38.59	44.27	45.71	39.15	29.75
95	40.17	42.97	41.82	38.66	44.33	45.77	39.21	29.82
96	40.26	43.05	41.88	38.72	44.39	45.83	39.27	29.90
97	40.34	43.12	41.95	38.79	44.45	45.89	39.35	29.99
98	40.41	43.20	42.01	38.86	44.51	45.96	39.41	30.07
99	40.50	43.27	42.08	38.93	44.58	46.02	39.48	30.15
100	40.57	43.34	42.14	39.00	44.64	46.07	39.55	30.23
101	40.65	43.42	42.20	39.06	44.71	46.14	39.61	30.31
102	40.73	43.49	42.27	39.13	44.76	46.20	39.67	30.39
103	40.81	43.56	42.33	39.20	44.83	46.26	39.74	30.47
104	40.88	43.63	42.39	39.26	44.89	46.32	39.81	30.54
105	40.96	43.70	42.45	39.33	44.95	46.38	39.87	30.62
106	41.03	43.77	42.51	39.39	45.01	46.44	39.94	30.70
107	41.10	43.83	42.57	39.45	45.07	46.50	40.00	30.78
108	41.17	43.90	42.63	39.52	45.12	46.55	40.07	30.85
109	41.24	43.98	42.70	39.58	45.18	46.61	40.13	30.92
110	41.32	44.04	42.76	39.65	45.24	46.67	40.19	31.00
111	41.39	44.11	42.82	39.71	45.30	46.72	40.26	31.07
112	41.45	44.17	42.87	39.77	45.36	46.78	40.32	31.15
113	41.52	44.23	42.93	39.83	45.42	46.83	40.38	31.22
114	41.59	44.30	42.99	39.89	45.47	46.89	40.44	31.29
115	41.66	44.36	43.05	39.95	45.53	46.95	40.50	31.36
116	41.73	44.42	43.10	40.01	45.59	47.01	40.56	31.44
117	41.78	44.49	43.16	40.07	45.64	47.06	40.63	31.51
118	41.85	44.55	43.22	40.11	45.69	47.11	40.68	31.58
119	41.92	44.62	43.28	40.18	45.75	47.16	40.74	31.65
120	41.98	44.68	43.34	40.24	45.80	47.22	40.81	31.72
121	42.05	44.73	43.39	40.29	45.86	47.27	40.86	31.79
122	42.11	44.80	43.45	40.35	45.91	47.33	40.92	31.85
123	42.17	44.86	43.50	40.41	45.97	47.38	40.99	31.93
124	42.23	44.92	43.56	40.47	46.02	47.44	41.05	32.00
125	42.30	44.98	43.61	40.53	46.08	47.49	41.10	32.06
126	42.36	45.04	43.66	40.58	46.12	47.55	41.16	32.13
127	42.42	45.10	43.71	40.62	46.18	47.60	41.21	32.19
128	42.48	45.15	43.77	40.68	46.23	47.65	41.27	32.26
129	42.54	45.21	43.83	40.74	46.27	47.67	41.33	32.33
130	42.60	45.27	43.88	40.79	46.33	47.74	41.39	32.40
131	42.66	45.33	43.93	40.84	46.38	47.80	41.45	32.46
132	42.72	45.38	43.98	40.90	46.44	47.84	41.51	32.53
133	42.77	45.44	44.03	40.95	46.49	47.90	41.56	32.59
134	42.83	45.49	44.09	41.01	46.54	47.95	41.62	32.66
135	42.89	45.55	44.14	41.06	46.59	48.00	41.68	32.72
136	42.94	45.60	44.19	41.11	46.64	48.06	41.74	32.78
137	43.00	45.66	44.24	41.17	46.69	48.11	41.80	32.85
138	43.05	45.71	44.29	41.21	46.74	48.16	41.85	32.91
139	43.11	45.77	44.34	41.26	46.79	48.20	41.91	32.98
140	43.16	45.82	44.39	41.32	46.84	48.26	41.96	33.04
141	43.21	45.87	44.44	41.37	46.89	48.30	42.02	33.10
142	43.27	45.92	44.49	41.42	46.94	48.35	42.07	33.16
143	43.32	45.98	44.54	41.47	46.99	48.40	42.13	33.23
144	43.38	46.03	44.59	41.52	47.04	48.45	42.18	33.29
145	43.43	46.08	44.64	41.57	47.08	48.50	42.23	33.34
146	43.48	46.14	44.69	41.62	47.13	48.55	42.29	33.41
147	43.53	46.19	44.74	41.67	47.17	48.58	42.34	33.46
148	43.59	46.24	44.79	41.72	47.23	48.63	42.39	33.52
149	43.63	46.29	44.83	41.77	47.27	48.68	42.45	33.58
150	43.69	46.34	44.88	41.82	47.32	48.73	42.50	33.65
151	43.74	46.38	44.93	41.86	47.37	48.78	42.55	33.70
152	43.79	46.44	44.97	41.91	47.41	48.82	42.60	33.76
153	43.84	46.48	45.02	41.94	47.46	48.87	42.66	33.82
154	43.89	46.53	45.07	41.99	47.50	48.92	42.71	33.88
155	43.94	46.58	45.11	42.04	47.55	48.96	42.76	33.94
156	43.99	46.63	45.15	42.08	47.59	49.00	42.81	33.99
157	44.03	46.67	45.19	42.13	47.64	49.05	42.87	34.05
158	44.08	46.72	45.24	42.18	47.68	49.10	42.91	34.11
159	44.13	46.77	45.29	42.22	47.73	49.14	42.97	34.17
160	44.18	46.82	45.34	42.27	47.77	49.18	43.02	34.22
161	44.22	46.86	45.38	42.31	47.82	49.23	43.07	34.28
162	44.27	46.91	45.42	42.36	47.86	49.28	43.11	34.33
163	44.31	46.96	45.47	42.40	47.91	49.32	43.16	34.38
164	44.37	47.00	45.51	42.44	47.95	49.36	43.21	34.44
165	44.41	47.05	45.56	42.49	48.00	49.41	43.26	34.49
166	44.45	47.09	45.60	42.53	48.04	49.45	43.31	34.55
167	44.50	47.13	45.64	42.57	48.09	49.50	43.36	34.60
168	44.55	47.19	45.68	42.62	48.13	49.54	43.41	34.66
169	44.59	47.23	45.72	42.66	48.17	49.58	43.45	34.71
170	44.64	47.27	45.77	42.70	48.22	49.62	43.50	34.77
171	44.68	47.31	45.81	42.74	48.26	49.67	43.55	34.81
172	44.72	47.36	45.85	42.78	48.30	49.71	43.60	34.87
173	44.77	47.40	45.89	42.82	48.33	49.75	43.64	34.92
174	44.80	47.45	45.93	42.87	48.38	49.79	43.70	34.97
175	44.85	47.49	45.97	42.91	48.42	49.84	43.74	35.02
176	44.90	47.53	46.01	42.95	48.46	49.87	43.79	35.07
177	44.94	47.57	46.05	42.99	48.50	49.92	43.83	35.13
178	44.98	47.62	46.09	43.04	48.54	49.96	43.88	35.18
179	45.02	47.66	46.14	43.08	48.58	50.00	43.93	35.23
180	45.06	47.70	46.18	43.12	48.62	50.03	43.97	35.28
181	45.11	47.74	46.22	43.16	48.67	50.08	44.01	35.32
182	45.15	47.78	46.26	43.21	48.71	50.12	44.06	35.38
183	45.19	47.82	46.30	43.25	48.74	50.15	44.10	35.42
184	45.23	47.86	46.33	43.29	48.79	50.20	44.15	35.47
185	45.27	47.91	46.37	43.32	48.82	50.23	44.18	35.52
186	45.31	47.95	46.41	43.37	48.86	50.27	44.23	35.57
187	45.35	47.99	46.45	43.40	48.90	50.31	44.27	35.61
188	45.39	48.03	46.49	43.44	48.94	50.34	44.32	35.66
189	45.43	48.07	46.53	43.48	48.98	50.39	44.36	35.71
190	45.47	48.10	46.57	43.52	49.01	50.42	44.40	35.75
191	45.51	48.15	46.61	43.56	49.05	50.46	44.45	35.80
192	45.55	48.19	46.63	43.58	49.09	50.50	44.47	35.84
193	45.59	48.22	46.68	43.63	49.12	50.53	44.53	35.89
194	45.63	48.26	46.71	43.67	49.16	50.57	44.57	35.94
195	45.66	48.30	46.75	43.71	49.20	50.61	44.61	35.99
196	45.70	48.33	46.79	43.75	49.23	50.64	44.66	36.03
197	45.74	48.37	46.82	43.78	49.27	50.68	44.70	36.07
198	45.77	48.41	46.86	43.81	49.31	50.72	44.74	36.12
199	45.81	48.44	46.89	43.86	49.35	50.75	44.78	36.17
200	45.85	48.48	46.93	43.89	49.38	50.79	44.82	36.21
201	45.88	48.51	46.96	43.92	49.41	50.83	44.86	36.26
202	45.92	48.55	47.00	43.96	49.45	50.86	44.90	36.29
203	45.96	48.59	47.04	44.00	49.49	50.89	44.95	36.36
204	46.00	48.62	47.07	44.03	49.53	50.94	44.98	36.39
205	46.03	48.65	47.11	44.07	49.56	50.97	45.02	36.43
