- - - - - -
- - - - - - 
18  602  33.19\pm1.36 3.50 0.04 0.04
36  507  27.92\pm1.25 3.33 0.04 0.05
54  371  20.36\pm1.06 3.01 0.05 0.05
72  297  16.25\pm0.95 2.79 0.06 0.06
90  232  12.64\pm0.84 2.54 0.06 0.07
108  201  10.92\pm0.78 2.39 0.07 0.07
126  172  9.31\pm0.72 2.23 0.07 0.08
144  115  6.14\pm0.58 1.81 0.09 0.10
162  122  6.53\pm0.60 1.88 0.09 0.10
180  87  4.58\pm0.50 1.52 0.10 0.12
198  79  4.14\pm0.48 1.42 0.11 0.12
216  57  2.92\pm0.40 1.07 0.13 0.15
234  74  3.86\pm0.46 1.35 0.11 0.13
252  57  2.92\pm0.40 1.07 0.13 0.15
270  55  2.81\pm0.39 1.03 0.13 0.15
288  46  2.31\pm0.36 0.84 0.14 0.17
306  50  2.53\pm0.37 0.93 0.14 0.16
324  40  1.97\pm0.33 0.68 0.16 0.18
342  48  2.42\pm0.37 0.88 0.14 0.16
360  32  1.53\pm0.29 0.42 0.17 0.21
378  40  1.97\pm0.33 0.68 0.16 0.18
396  34  1.64\pm0.30 0.49 0.17 0.20
414  31  1.47\pm0.29 0.39 0.18 0.22
432  16  0.64\pm0.19 -0.45 0.26 0.35
450  26  1.19\pm0.26 0.18 0.20 0.24
468  38  1.86\pm0.32 0.62 0.16 0.19
486  25  1.14\pm0.25 0.13 0.20 0.25
504  34  1.64\pm0.30 0.49 0.17 0.20
522  34  1.64\pm0.30 0.49 0.17 0.20
540  25  1.14\pm0.25 0.13 0.20 0.25
558  20  0.86\pm0.22 -0.15 0.23 0.29
576  23  1.03\pm0.24 0.03 0.21 0.26
594  17  0.69\pm0.20 -0.36 0.25 0.33
612  15  0.58\pm0.18 -0.54 0.27 0.37
630  24  1.08\pm0.25 0.08 0.20 0.26
648  14  0.53\pm0.17 -0.64 0.28 0.39
666  18  0.75\pm0.20 -0.29 0.24 0.32
684  22  0.97\pm0.23 -0.03 0.21 0.27
702  19  0.81\pm0.21 -0.22 0.23 0.30
720  18  0.75\pm0.20 -0.29 0.24 0.32
738  20  0.86\pm0.22 -0.15 0.23 0.29
756  17  0.69\pm0.20 -0.36 0.25 0.33
774  17  0.69\pm0.20 -0.36 0.25 0.33
