#	Temperatur 1 (°C)	Temperatur 2 (°C)	Temperatur 3 (°C)	Temperatur 4 (°C)	Temperatur 5 (°C)	Temperatur 6 (°C)	Temperatur 7 (°C)	Temperatur 8 (°C)
 1 	28.87	28.97	28.63	28.19	28.27	28.30	28.37	27.54
 2 	28.84	29.02	28.71	28.17	28.25	28.62	28.35	27.51
 3 	28.82	29.34	29.13	28.15	28.29	29.66	28.34	27.51
 4 	28.81	29.95	29.89	28.14	28.48	31.11	28.36	27.50
 5 	28.83	30.76	30.87	28.18	28.82	32.64	28.45	27.49
 6 	28.88	31.68	31.97	28.26	29.29	34.16	28.63	27.49
 7 	28.99	32.63	33.10	28.39	29.87	35.60	28.88	27.48
 8 	29.14	33.59	34.23	28.59	30.52	36.94	29.23	27.47
 9 	29.33	34.53	35.32	28.83	31.22	38.19	29.65	27.46
10	29.56	35.43	36.37	29.11	31.93	39.36	30.12	27.46
11	29.83	36.30	37.36	29.44	32.67	40.44	30.64	27.46
12	30.11	37.13	38.30	29.78	33.42	41.44	31.20	27.46
13	30.42	37.91	39.18	30.15	34.16	42.39	31.79	27.46
14	30.75	38.65	40.01	30.54	34.91	43.27	32.39	27.46
15	31.08	39.36	40.79	30.94	35.65	44.11	33.01	27.46
16	31.44	40.03	41.53	31.34	36.39	44.90	33.62	27.46
17	31.79	40.66	42.21	31.75	37.11	45.65	34.24	27.47
18	32.14	41.26	42.85	32.16	37.82	46.36	34.86	27.48
19	32.51	41.84	43.46	32.58	38.53	47.04	35.46	27.49
20	32.87	42.38	44.03	32.98	39.20	47.69	36.06	27.51
21	33.23	42.90	44.57	33.39	39.88	48.31	36.64	27.53
22	33.59	43.40	45.08	33.80	40.53	48.91	37.22	27.56
23	33.96	43.87	45.55	34.20	41.18	49.48	37.78	27.59
24	34.32	44.32	46.01	34.59	41.81	50.03	38.33	27.62
25	34.67	44.75	46.44	34.99	42.42	50.57	38.85	27.67
26	35.03	45.17	46.84	35.37	43.02	51.07	39.37	27.71
27	35.38	45.56	47.23	35.75	43.60	51.57	39.88	27.76
28	35.72	45.95	47.60	36.13	44.17	52.05	40.36	27.81
29	36.07	46.32	47.95	36.49	44.72	52.51	40.83	27.87
30	36.41	46.68	48.28	36.85	45.25	52.96	41.30	27.93
31	36.74	47.01	48.60	37.21	45.79	53.40	41.74	27.99
32	37.07	47.35	48.90	37.55	46.30	53.81	42.17	28.06
33	37.40	47.67	49.20	37.90	46.80	54.22	42.57	28.13
34	37.73	47.98	49.48	38.23	47.28	54.61	42.97	28.21
35	38.05	48.27	49.76	38.55	47.76	54.99	43.36	28.27
36	38.37	48.56	50.02	38.87	48.22	55.35	43.74	28.35
37	38.69	48.84	50.27	39.19	48.67	55.71	44.11	28.44
38	38.99	49.11	50.51	39.49	49.11	56.06	44.46	28.53
39	39.29	49.39	50.75	39.80	49.53	56.39	44.80	28.62
40	39.59	49.65	50.97	40.10	49.94	56.72	45.13	28.71
41	39.90	49.90	51.19	40.39	50.35	57.04	45.45	28.81
42	40.19	50.15	51.40	40.67	50.75	57.35	45.76	28.91
43	40.47	50.39	51.61	40.95	51.13	57.66	46.07	29.01
44	40.76	50.63	51.81	41.22	51.50	57.95	46.36	29.11
45	41.04	50.86	51.99	41.49	51.87	58.23	46.63	29.22
46	41.32	51.08	52.18	41.76	52.22	58.51	46.90	29.32
47	41.59	51.30	52.36	42.01	52.57	58.79	47.16	29.43
48	41.86	51.52	52.53	42.27	52.91	59.05	47.41	29.55
49	42.12	51.73	52.70	42.51	53.23	59.30	47.65	29.65
50	42.39	51.94	52.87	42.75	53.55	59.55	47.89	29.76
51	42.65	52.14	53.04	42.98	53.86	59.79	48.12	29.87
52	42.90	52.34	53.19	43.21	54.16	60.02	48.34	29.98
53	43.15	52.53	53.34	43.43	54.44	60.25	48.56	30.09
54	43.39	52.72	53.48	43.64	54.73	60.46	48.76	30.20
55	43.60	52.87	53.58	43.80	54.91	60.59	48.92	30.30
56	43.82	53.03	53.70	43.99	55.13	60.75	49.09	30.40
57	44.04	53.20	53.83	44.18	55.35	60.92	49.26	30.51
58	44.27	53.38	53.97	44.37	55.59	61.10	49.45	30.61
59	44.50	53.55	54.10	44.57	55.82	61.29	49.63	30.72
60	44.74	53.73	54.25	44.77	56.07	61.48	49.82	30.84
61	44.97	53.91	54.40	44.97	56.30	61.65	49.99	30.94
62	45.19	54.08	54.54	45.17	56.53	61.84	50.18	31.06
63	45.43	54.26	54.69	45.37	56.75	62.02	50.35	31.17
64	45.65	54.43	54.83	45.56	56.98	62.20	50.52	31.28
65	45.87	54.60	54.97	45.76	57.21	62.38	50.69	31.39
66	46.10	54.77	55.11	45.95	57.42	62.54	50.86	31.50
67	46.32	54.94	55.25	46.14	57.64	62.71	51.02	31.62
68	46.53	55.11	55.38	46.33	57.85	62.87	51.17	31.72
69	46.74	55.27	55.51	46.51	58.06	63.04	51.33	31.83
70	46.95	55.43	55.65	46.69	58.26	63.20	51.48	31.95
71	47.17	55.59	55.77	46.87	58.46	63.35	51.63	32.06
72	47.38	55.75	55.90	47.05	58.66	63.51	51.77	32.17
73	47.58	55.91	56.03	47.23	58.84	63.66	51.91	32.28
74	47.78	56.06	56.15	47.40	59.03	63.81	52.05	32.39
75	47.99	56.22	56.27	47.56	59.22	63.95	52.18	32.50
76	48.18	56.37	56.40	47.73	59.40	64.10	52.31	32.60
77	48.38	56.52	56.51	47.90	59.57	64.24	52.45	32.71
78	48.57	56.67	56.63	48.06	59.75	64.37	52.58	32.82
79	48.76	56.82	56.75	48.22	59.92	64.51	52.70	32.93
80	48.95	56.97	56.86	48.38	60.09	64.65	52.82	33.05
81	49.14	57.12	56.98	48.53	60.25	64.78	52.93	33.15
82	49.33	57.26	57.09	48.68	60.42	64.91	53.06	33.26
83	49.51	57.40	57.20	48.82	60.57	65.03	53.18	33.36
84	49.69	57.54	57.31	48.97	60.73	65.16	53.28	33.47
85	49.87	57.67	57.41	49.12	60.89	65.28	53.40	33.57
86	50.04	57.81	57.52	49.27	61.04	65.41	53.51	33.68
87	50.22	57.94	57.62	49.41	61.18	65.53	53.61	33.78
88	50.39	58.08	57.73	49.56	61.32	65.64	53.72	33.89
89	50.57	58.22	57.83	49.70	61.47	65.75	53.82	33.99
90	50.73	58.35	57.93	49.84	61.61	65.86	53.92	34.09
91	50.90	58.48	58.03	49.97	61.75	65.98	54.03	34.19
92	51.07	58.60	58.13	50.11	61.89	66.08	54.13	34.29
93	51.23	58.73	58.23	50.24	62.02	66.19	54.23	34.39
94	51.40	58.86	58.33	50.37	62.15	66.30	54.32	34.50
95	51.55	58.99	58.43	50.50	62.28	66.41	54.42	34.60
96	51.72	59.11	58.52	50.63	62.41	66.51	54.51	34.69
97	51.87	59.23	58.61	50.75	62.53	66.61	54.60	34.79
98	52.03	59.35	58.70	50.88	62.66	66.72	54.69	34.89
99	52.18	59.47	58.80	51.00	62.78	66.81	54.78	34.99
100	52.33	59.59	58.89	51.13	62.90	66.90	54.87	35.09
101	52.48	59.71	58.98	51.24	63.02	67.00	54.95	35.18
102	52.63	59.81	59.04	51.35	63.13	66.99	55.04	35.27
103	52.78	59.73	58.88	51.47	63.22	66.39	55.12	35.37
104	52.92	59.38	58.40	51.58	63.21	65.35	55.18	35.47
105	53.04	58.83	57.70	51.66	63.07	64.13	55.20	35.56
106	53.13	58.17	56.87	51.70	62.80	62.87	55.14	35.65
107	53.18	57.45	55.99	51.69	62.43	61.66	55.00	35.74
108	53.18	56.71	55.10	51.64	61.99	60.53	54.80	35.83
109	53.14	55.99	54.24	51.54	61.50	59.46	54.52	35.92
110	53.06	55.29	53.42	51.40	60.98	58.49	54.19	36.02
111	52.96	54.62	52.63	51.23	60.43	57.58	53.82	36.10
112	52.83	53.98	51.88	51.03	59.87	56.73	53.42	36.19
113	52.68	53.38	51.18	50.82	59.31	55.95	52.98	36.27
114	52.51	52.82	50.53	50.59	58.74	55.22	52.53	36.36
115	52.34	52.28	49.92	50.34	58.18	54.53	52.06	36.44
116	52.14	51.78	49.35	50.09	57.62	53.89	51.59	36.52
117	51.95	51.31	48.82	49.83	57.07	53.29	51.12	36.59
118	51.75	50.86	48.33	49.58	56.53	52.72	50.65	36.67
119	51.54	50.45	47.86	49.31	55.99	52.18	50.18	36.74
120	51.33	50.06	47.43	49.05	55.47	51.67	49.73	36.80
121	51.12	49.68	47.03	48.79	54.96	51.19	49.28	36.87
122	50.91	49.34	46.65	48.52	54.45	50.73	48.84	36.93
123	50.70	49.01	46.30	48.27	53.96	50.29	48.42	36.98
124	50.49	48.70	45.97	48.02	53.49	49.87	48.01	37.04
125	50.28	48.41	45.66	47.77	53.02	49.48	47.61	37.08
126	50.08	48.14	45.37	47.52	52.57	49.09	47.22	37.13
127	49.87	47.87	45.10	47.28	52.13	48.73	46.84	37.16
128	49.67	47.62	44.85	47.04	51.70	48.38	46.49	37.20
129	49.47	47.40	44.61	46.81	51.30	48.05	46.14	37.23
130	49.27	47.17	44.39	46.58	50.89	47.73	45.81	37.25
131	49.08	46.95	44.17	46.35	50.50	47.42	45.48	37.28
132	48.89	46.75	43.97	46.13	50.12	47.13	45.18	37.30
133	48.70	46.56	43.78	45.92	49.75	46.84	44.89	37.31
134	48.51	46.38	43.61	45.72	49.40	46.57	44.60	37.32
135	48.33	46.21	43.44	45.50	49.05	46.31	44.34	37.34
136	48.15	46.04	43.28	45.31	48.72	46.06	44.08	37.34
137	47.97	45.88	43.13	45.11	48.38	45.82	43.83	37.34
138	47.80	45.73	43.00	44.92	48.08	45.59	43.60	37.34
139	47.63	45.58	42.85	44.73	47.77	45.36	43.37	37.34
140	47.46	45.44	42.73	44.55	47.49	45.15	43.15	37.33
141	47.29	45.31	42.61	44.37	47.20	44.94	42.94	37.32
142	47.13	45.17	42.49	44.20	46.92	44.74	42.74	37.31
143	46.97	45.05	42.38	44.03	46.66	44.55	42.56	37.29
144	46.82	44.93	42.28	43.86	46.40	44.37	42.37	37.29
145	46.67	44.82	42.18	43.71	46.15	44.19	42.20	37.27
146	46.52	44.71	42.08	43.55	45.91	44.02	42.03	37.25
147	46.37	44.60	42.00	43.40	45.68	43.86	41.88	37.23
148	46.23	44.49	41.91	43.25	45.45	43.70	41.72	37.21
149	46.08	44.39	41.83	43.10	45.23	43.55	41.58	37.19
150	45.95	44.30	41.75	42.97	45.03	43.41	41.44	37.16
151	45.81	44.20	41.67	42.82	44.83	43.26	41.30	37.14
152	45.68	44.11	41.60	42.69	44.63	43.13	41.18	37.11
153	45.55	44.03	41.54	42.57	44.45	43.00	41.05	37.08
154	45.42	43.94	41.47	42.44	44.26	42.88	40.94	37.05
155	45.30	43.86	41.41	42.31	44.09	42.76	40.83	37.03
156	45.18	43.78	41.35	42.20	43.91	42.64	40.72	37.00
157	45.05	43.70	41.29	42.08	43.75	42.53	40.62	36.97
158	44.94	43.63	41.23	41.97	43.59	42.42	40.53	36.94
159	44.82	43.56	41.18	41.86	43.44	42.32	40.43	36.91
160	44.71	43.49	41.13	41.75	43.29	42.23	40.35	36.88
161	44.60	43.42	41.08	41.64	43.15	42.13	40.26	36.86
162	44.49	43.36	41.04	41.54	43.01	42.04	40.19	36.83
163	44.39	43.29	41.00	41.44	42.88	41.96	40.11	36.80
164	44.28	43.22	40.95	41.34	42.75	41.88	40.04	36.77
165	44.18	43.17	40.91	41.25	42.63	41.80	39.96	36.74
166	44.07	43.11	40.87	41.16	42.51	41.72	39.90	36.71
167	43.98	43.05	40.84	41.07	42.39	41.65	39.83	36.67
168	43.88	42.99	40.80	40.99	42.28	41.58	39.78	36.64
169	43.79	42.93	40.76	40.90	42.17	41.50	39.72	36.61
170	43.70	42.88	40.73	40.82	42.07	41.44	39.66	36.58
171	43.60	42.83	40.69	40.73	41.96	41.38	39.61	36.56
172	43.51	42.78	40.67	40.66	41.87	41.32	39.55	36.52
173	43.43	42.73	40.63	40.58	41.78	41.26	39.51	36.50
174	43.34	42.68	40.61	40.51	41.69	41.21	39.46	36.47
175	43.26	42.63	40.58	40.44	41.60	41.15	39.42	36.44
176	43.18	42.59	40.55	40.37	41.51	41.11	39.37	36.41
177	43.10	42.54	40.53	40.30	41.44	41.06	39.34	36.39
178	43.02	42.50	40.50	40.23	41.35	41.01	39.30	36.35
179	42.94	42.45	40.48	40.17	41.28	40.97	39.27	36.33
180	42.86	42.41	40.45	40.11	41.21	40.92	39.22	36.31
181	42.79	42.37	40.43	40.05	41.14	40.88	39.19	36.28
182	42.72	42.33	40.41	39.98	41.08	40.84	39.16	36.25
183	42.65	42.29	40.40	39.93	41.01	40.80	39.14	36.22
184	42.58	42.25	40.37	39.87	40.95	40.77	39.11	36.20
185	42.51	42.22	40.35	39.81	40.89	40.73	39.08	36.17
186	42.43	42.18	40.33	39.76	40.82	40.70	39.05	36.15
187	42.37	42.14	40.32	39.71	40.77	40.67	39.02	36.12
188	42.31	42.10	40.30	39.66	40.72	40.64	39.00	36.10
189	42.25	42.07	40.28	39.61	40.66	40.60	38.98	36.07
190	42.19	42.04	40.27	39.57	40.60	40.57	38.96	36.05
191	42.13	42.01	40.25	39.52	40.56	40.55	38.94	36.03
192	42.07	41.98	40.24	39.47	40.52	40.53	38.92	36.00
193	42.01	41.94	40.22	39.43	40.47	40.50	38.91	35.98
194	41.95	41.91	40.21	39.39	40.43	40.48	38.89	35.96
195	41.90	41.88	40.20	39.34	40.39	40.46	38.87	35.93
196	41.84	41.85	40.19	39.30	40.35	40.44	38.86	35.91
197	41.79	41.82	40.18	39.26	40.31	40.42	38.85	35.90
198	41.74	41.80	40.17	39.22	40.27	40.40	38.84	35.87
199	41.68	41.77	40.16	39.18	40.23	40.38	38.82	35.85
200	41.63	41.75	40.15	39.15	40.20	40.37	38.81	35.83
201	41.58	41.72	40.13	39.11	40.17	40.34	38.80	35.80
202	41.53	41.73	40.19	39.08	40.14	40.57	38.79	35.79
203	41.49	41.99	40.53	39.05	40.15	41.50	38.78	35.76
204	41.45	42.56	41.23	39.03	40.30	42.85	38.79	35.75
205	41.44	43.31	42.16	39.05	40.59	44.33	38.88	35.73
206	41.46	44.18	43.22	39.10	41.02	45.80	39.05	35.72
207	41.53	45.10	44.31	39.22	41.56	47.20	39.30	35.70
208	41.65	46.02	45.40	39.38	42.16	48.51	39.62	35.68
209	41.81	46.92	46.46	39.60	42.81	49.73	40.02	35.67
210	42.01	47.80	47.48	39.86	43.49	50.86	40.49	35.65
211	42.24	48.64	48.45	40.15	44.19	51.91	40.99	35.64
212	42.50	49.44	49.36	40.47	44.89	52.89	41.53	35.63
213	42.78	50.20	50.21	40.82	45.61	53.81	42.10	35.62
214	43.08	50.92	51.02	41.18	46.31	54.68	42.69	35.61
215	43.38	51.60	51.78	41.56	47.03	55.48	43.28	35.61
216	43.70	52.25	52.49	41.93	47.71	56.24	43.89	35.61
217	44.03	52.86	53.15	42.32	48.40	56.97	44.50	35.61
218	44.36	53.44	53.78	42.71	49.07	57.65	45.10	35.61
219	44.70	53.99	54.37	43.09	49.74	58.31	45.70	35.61
220	45.03	54.51	54.92	43.48	50.40	58.93	46.29	35.62
221	45.37	55.01	55.44	43.87	51.03	59.53	46.86	35.64
222	45.71	55.49	55.93	44.25	51.66	60.10	47.44	35.66
223	46.04	55.94	56.39	44.62	52.27	60.65	47.98	35.67
224	46.38	56.38	56.83	45.00	52.87	61.17	48.52	35.70
225	46.71	56.79	57.24	45.37	53.45	61.68	49.04	35.73
226	47.05	57.18	57.63	45.72	54.01	62.17	49.55	35.77
227	47.37	57.56	58.00	46.08	54.57	62.64	50.04	35.80
228	47.70	57.92	58.35	46.43	55.12	63.09	50.52	35.85
229	48.02	58.28	58.69	46.78	55.64	63.53	50.97	35.89
230	48.34	58.61	59.00	47.11	56.15	63.94	51.42	35.94
231	48.65	58.93	59.31	47.45	56.65	64.35	51.85	36.00
232	48.97	59.25	59.59	47.77	57.14	64.76	52.26	36.06
233	49.28	59.55	59.87	48.09	57.62	65.13	52.67	36.12
234	49.58	59.84	60.13	48.40	58.07	65.51	53.06	36.19
235	49.88	60.13	60.38	48.72	58.52	65.85	53.43	36.26
236	50.18	60.39	60.62	49.01	58.96	66.21	53.79	36.33
237	50.47	60.66	60.86	49.30	59.38	66.54	54.14	36.41
238	50.76	60.91	61.08	49.60	59.80	66.87	54.48	36.49
239	51.04	61.16	61.31	49.88	60.20	67.17	54.81	36.57
240	51.33	61.40	61.51	50.16	60.58	67.49	55.12	36.66
241	51.60	61.63	61.71	50.43	60.97	67.79	55.42	36.75
242	51.87	61.87	61.91	50.70	61.34	68.07	55.72	36.84
243	52.14	62.08	62.09	50.96	61.70	68.35	56.00	36.93
244	52.41	62.30	62.28	51.21	62.05	68.61	56.27	37.02
245	52.67	62.50	62.45	51.47	62.40	68.88	56.53	37.12
246	52.92	62.71	62.62	51.71	62.72	69.13	56.79	37.21
247	53.18	62.91	62.79	51.95	63.05	69.38	57.04	37.31
248	53.43	63.10	62.95	52.19	63.36	69.62	57.28	37.41
249	53.68	63.29	63.11	52.42	63.66	69.85	57.51	37.52
250	53.91	63.47	63.27	52.65	63.96	70.08	57.73	37.62
251	54.15	63.66	63.41	52.87	64.25	70.30	57.95	37.72
252	54.39	63.83	63.56	53.09	64.53	70.52	58.16	37.83
253	54.62	64.01	63.70	53.30	64.81	70.72	58.37	37.93
254	54.85	64.17	63.84	53.51	65.07	70.93	58.56	38.04
255	55.07	64.34	63.98	53.71	65.33	71.12	58.75	38.14
256	55.29	64.50	64.11	53.91	65.58	71.32	58.93	38.25
257	55.51	64.67	64.24	54.11	65.83	71.50	59.11	38.36
258	55.72	64.82	64.36	54.30	66.07	71.68	59.28	38.47
259	55.93	64.98	64.49	54.50	66.30	71.85	59.45	38.57
260	56.14	65.13	64.61	54.68	66.53	72.03	59.61	38.68
261	56.35	65.28	64.73	54.87	66.75	72.19	59.78	38.79
262	56.55	65.42	64.84	55.04	66.97	72.36	59.93	38.89
263	56.75	65.57	64.95	55.22	67.17	72.51	60.08	39.01
264	56.94	65.71	65.06	55.39	67.38	72.66	60.23	39.11
265	57.14	65.85	65.17	55.56	67.58	72.81	60.37	39.22
266	57.33	65.98	65.27	55.72	67.77	72.96	60.51	39.32
267	57.51	66.11	65.38	55.89	67.96	73.10	60.64	39.43
268	57.70	66.24	65.48	56.05	68.15	73.23	60.76	39.54
269	57.88	66.37	65.58	56.21	68.32	73.36	60.89	39.64
270	58.06	66.50	65.68	56.37	68.50	73.49	61.02	39.75
271	58.24	66.62	65.77	56.53	68.67	73.62	61.14	39.85
272	58.41	66.75	65.87	56.68	68.84	73.74	61.26	39.96
273	58.58	66.87	65.96	56.83	69.01	73.86	61.37	40.06
274	58.75	66.99	66.05	56.97	69.16	73.98	61.47	40.17
275	58.92	67.11	66.14	57.12	69.32	74.09	61.58	40.27
276	59.08	67.22	66.23	57.26	69.48	74.20	61.69	40.37
277	59.24	67.34	66.31	57.39	69.61	74.31	61.79	40.47
278	59.40	67.45	66.40	57.53	69.75	74.42	61.90	40.58
279	59.56	67.56	66.48	57.66	69.90	74.52	61.99	40.68
280	59.71	67.67	66.56	57.79	70.03	74.62	62.08	40.78
281	59.86	67.78	66.64	57.92	70.16	74.72	62.18	40.87
282	60.01	67.88	66.72	58.05	70.29	74.82	62.27	40.98
283	60.16	67.99	66.80	58.17	70.43	74.91	62.36	41.07
284	60.31	68.09	66.88	58.29	70.55	75.00	62.45	41.17
285	60.45	68.20	66.96	58.41	70.67	75.09	62.53	41.27
286	60.60	68.30	67.03	58.53	70.79	75.17	62.61	41.37
287	60.73	68.39	67.10	58.65	70.91	75.26	62.70	41.46
288	60.88	68.50	67.17	58.76	71.02	75.36	62.78	41.56
289	61.01	68.59	67.25	58.87	71.13	75.43	62.86	41.65
290	61.14	68.68	67.32	58.98	71.24	75.51	62.93	41.75
291	61.28	68.78	67.39	59.09	71.35	75.60	63.01	41.84
292	61.41	68.87	67.46	59.20	71.44	75.66	63.08	41.93
293	61.54	68.97	67.53	59.30	71.54	75.74	63.16	42.02
294	61.66	69.06	67.59	59.40	71.64	75.81	63.23	42.11
295	61.79	69.15	67.65	59.50	71.74	75.88	63.29	42.20
296	61.92	69.23	67.72	59.60	71.83	75.94	63.36	42.29
297	62.04	69.33	67.78	59.70	71.91	76.02	63.43	42.38
298	62.16	69.41	67.84	59.80	72.00	76.08	63.49	42.47
299	62.28	69.49	67.91	59.89	72.10	76.15	63.56	42.56
300	62.40	69.58	67.97	59.99	72.19	76.21	63.62	42.65
301	62.52	69.66	68.03	60.07	72.27	76.28	63.68	42.73
302	62.63	69.72	68.06	60.15	72.36	76.22	63.74	42.81
303	62.74	69.60	67.85	60.25	72.41	75.58	63.79	42.89
304	62.85	69.21	67.34	60.33	72.37	74.52	63.83	42.98
305	62.94	68.63	66.61	60.38	72.20	73.28	63.82	43.07
306	62.99	67.94	65.76	60.40	71.90	72.02	63.74	43.15
307	63.00	67.19	64.86	60.36	71.50	70.79	63.58	43.23
308	62.97	66.43	63.95	60.28	71.04	69.66	63.35	43.31
309	62.89	65.68	63.07	60.15	70.54	68.58	63.06	43.39
310	62.78	64.94	62.22	59.98	69.99	67.59	62.70	43.47
311	62.64	64.25	61.42	59.79	69.42	66.65	62.31	43.55
312	62.48	63.59	60.66	59.56	68.84	65.79	61.88	43.62
313	62.29	62.96	59.94	59.33	68.26	64.98	61.43	43.70
314	62.09	62.37	59.27	59.06	67.66	64.24	60.96	43.77
315	61.88	61.80	58.63	58.80	67.08	63.53	60.48	43.84
316	61.66	61.28	58.05	58.52	66.50	62.86	59.99	43.90
317	61.43	60.78	57.50	58.24	65.92	62.23	59.50	43.98
318	61.20	60.31	56.98	57.96	65.36	61.64	59.01	44.04
319	60.96	59.87	56.49	57.67	64.80	61.09	58.53	44.10
320	60.72	59.45	56.04	57.39	64.25	60.54	58.06	44.15
321	60.48	59.05	55.61	57.10	63.72	60.04	57.58	44.20
322	60.24	58.68	55.21	56.82	63.20	59.55	57.13	44.25
323	60.00	58.32	54.84	56.54	62.69	59.09	56.68	44.30
324	59.76	57.98	54.49	56.27	62.19	58.65	56.25	44.34
325	59.52	57.66	54.16	55.99	61.70	58.23	55.83	44.37
326	59.28	57.36	53.84	55.72	61.23	57.82	55.43	44.40
327	59.05	57.07	53.55	55.45	60.76	57.43	55.04	44.43
328	58.82	56.80	53.27	55.20	60.31	57.06	54.66	44.45
329	58.59	56.53	53.00	54.94	59.88	56.69	54.30	44.47
330	58.36	56.28	52.76	54.69	59.45	56.35	53.95	44.48
331	58.14	56.04	52.52	54.45	59.04	56.01	53.61	44.50
332	57.92	55.81	52.30	54.20	58.63	55.69	53.29	44.50
333	57.70	55.59	52.08	53.97	58.25	55.38	52.97	44.50
334	57.49	55.38	51.88	53.74	57.86	55.08	52.67	44.51
335	57.27	55.18	51.70	53.51	57.50	54.80	52.38	44.51
336	57.07	54.99	51.51	53.29	57.14	54.52	52.10	44.50
337	56.86	54.80	51.33	53.07	56.79	54.26	51.83	44.49
338	56.66	54.62	51.17	52.85	56.45	54.01	51.58	44.48
339	56.46	54.45	51.01	52.65	56.13	53.75	51.34	44.47
340	56.26	54.28	50.86	52.45	55.81	53.51	51.10	44.44
341	56.07	54.11	50.71	52.25	55.50	53.28	50.87	44.43
342	55.88	53.96	50.57	52.06	55.21	53.06	50.66	44.40
343	55.69	53.80	50.44	51.86	54.92	52.84	50.45	44.38
344	55.51	53.66	50.31	51.68	54.64	52.63	50.24	44.36
345	55.33	53.52	50.19	51.50	54.37	52.43	50.05	44.33
346	55.16	53.38	50.07	51.32	54.10	52.24	49.86	44.30
347	54.98	53.24	49.96	51.15	53.85	52.04	49.69	44.27
348	54.81	53.11	49.85	50.98	53.60	51.87	49.52	44.24
349	54.64	52.99	49.75	50.81	53.35	51.69	49.36	44.20
350	54.47	52.86	49.64	50.65	53.12	51.52	49.20	44.17
351	54.31	52.74	49.54	50.49	52.89	51.36	49.05	44.13
352	54.15	52.62	49.45	50.34	52.67	51.19	48.90	44.09
353	54.00	52.51	49.36	50.19	52.46	51.04	48.76	44.06
354	53.84	52.40	49.27	50.04	52.25	50.89	48.63	44.02
355	53.68	52.28	49.18	49.90	52.05	50.75	48.50	43.98
356	53.54	52.18	49.10	49.76	51.86	50.60	48.38	43.95
357	53.39	52.07	49.01	49.62	51.68	50.47	48.25	43.91
358	53.25	51.97	48.94	49.48	51.49	50.34	48.14	43.86
359	53.11	51.87	48.86	49.35	51.32	50.21	48.03	43.82
360	52.97	51.78	48.79	49.22	51.14	50.09	47.92	43.78
361	52.83	51.68	48.71	49.10	50.98	49.97	47.82	43.74
362	52.69	51.59	48.64	48.98	50.81	49.86	47.72	43.70
363	52.56	51.50	48.58	48.85	50.65	49.74	47.62	43.65
364	52.43	51.41	48.52	48.74	50.50	49.64	47.53	43.62
365	52.31	51.32	48.45	48.62	50.35	49.53	47.45	43.57
366	52.18	51.23	48.39	48.51	50.21	49.43	47.35	43.53
367	52.05	51.15	48.33	48.40	50.07	49.33	47.28	43.49
368	51.94	51.07	48.27	48.30	49.94	49.24	47.20	43.46
369	51.81	50.98	48.21	48.19	49.80	49.14	47.12	43.41
370	51.70	50.91	48.15	48.09	49.68	49.06	47.04	43.37
371	51.58	50.83	48.10	47.99	49.55	48.97	46.97	43.33
372	51.47	50.75	48.05	47.89	49.43	48.88	46.90	43.29
373	51.36	50.68	47.99	47.79	49.31	48.81	46.84	43.25
374	51.25	50.60	47.94	47.70	49.20	48.72	46.77	43.21
375	51.14	50.53	47.89	47.61	49.09	48.65	46.71	43.17
376	51.03	50.46	47.84	47.51	48.98	48.57	46.65	43.13
377	50.93	50.39	47.80	47.42	48.87	48.50	46.59	43.09
378	50.83	50.32	47.75	47.34	48.78	48.42	46.54	43.05
379	50.72	50.25	47.70	47.26	48.68	48.36	46.49	43.01
380	50.62	50.18	47.66	47.17	48.58	48.29	46.43	42.98
381	50.53	50.12	47.61	47.09	48.49	48.23	46.38	42.94
382	50.43	50.05	47.57	47.01	48.40	48.17	46.33	42.90
383	50.34	49.99	47.53	46.94	48.31	48.11	46.28	42.86
384	50.24	49.93	47.49	46.86	48.23	48.05	46.24	42.82
385	50.15	49.87	47.45	46.79	48.14	47.99	46.20	42.79
386	50.06	49.81	47.41	46.72	48.06	47.94	46.15	42.75
387	49.97	49.75	47.38	46.65	47.99	47.89	46.11	42.72
388	49.88	49.69	47.33	46.58	47.91	47.83	46.06	42.68
389	49.79	49.63	47.30	46.51	47.83	47.78	46.03	42.65
390	49.71	49.57	47.26	46.44	47.76	47.73	45.99	42.61
391	49.63	49.52	47.23	46.38	47.69	47.68	45.95	42.58
392	49.54	49.46	47.19	46.31	47.62	47.64	45.92	42.55
393	49.46	49.40	47.16	46.25	47.56	47.59	45.88	42.52
394	49.38	49.35	47.12	46.19	47.49	47.54	45.85	42.48
395	49.31	49.30	47.09	46.12	47.43	47.50	45.81	42.45
396	49.23	49.24	47.06	46.06	47.37	47.46	45.79	42.42
397	49.15	49.20	47.03	46.01	47.31	47.42	45.75	42.38
398	49.07	49.15	46.99	45.95	47.24	47.38	45.72	42.36
399	49.00	49.09	46.96	45.89	47.20	47.34	45.69	42.32
400	48.92	49.04	46.93	45.83	47.13	47.30	45.66	42.29
401	48.85	48.99	46.90	45.78	47.08	47.26	45.63	42.26
402	48.78	48.98	46.92	45.72	47.02	47.43	45.61	42.23
403	48.72	49.19	47.23	45.67	47.01	48.28	45.59	42.20
404	48.66	49.71	47.89	45.64	47.12	49.56	45.59	42.17
405	48.61	50.42	48.77	45.63	47.38	50.99	45.65	42.14
406	48.61	51.25	49.78	45.67	47.78	52.43	45.80	42.11
407	48.66	52.13	50.85	45.76	48.28	53.79	46.02	42.08
408	48.75	53.03	51.91	45.91	48.85	55.07	46.33	42.05
409	48.89	53.90	52.94	46.10	49.46	56.25	46.71	42.03
410	49.06	54.75	53.93	46.34	50.11	57.35	47.15	42.00
411	49.27	55.56	54.87	46.61	50.78	58.38	47.64	41.98
412	49.50	56.32	55.75	46.91	51.45	59.33	48.15	41.96
413	49.75	57.06	56.58	47.23	52.13	60.22	48.70	41.94
414	50.03	57.76	57.37	47.58	52.81	61.05	49.26	41.92
415	50.31	58.40	58.09	47.92	53.49	61.84	49.84	41.90
416	50.61	59.03	58.78	48.29	54.15	62.57	50.42	41.89
417	50.91	59.61	59.41	48.64	54.81	63.27	51.00	41.88
418	51.22	60.17	60.02	49.01	55.46	63.92	51.58	41.87
419	51.53	60.69	60.57	49.37	56.10	64.56	52.16	41.86
420	51.84	61.19	61.11	49.74	56.72	65.16	52.73	41.86
421	52.15	61.67	61.60	50.11	57.33	65.73	53.28	41.86
422	52.47	62.12	62.07	50.47	57.93	66.28	53.83	41.87
423	52.78	62.55	62.51	50.82	58.51	66.80	54.36	41.88
424	53.10	62.95	62.93	51.17	59.08	67.30	54.88	41.89
425	53.40	63.35	63.32	51.52	59.63	67.78	55.38	41.91
426	53.71	63.72	63.68	51.86	60.18	68.25	55.86	41.93
427	54.01	64.08	64.02	52.19	60.71	68.70	56.33	41.96
428	54.32	64.42	64.35	52.52	61.22	69.12	56.78	41.98
429	54.62	64.75	64.66	52.84	61.72	69.54	57.22	42.02
430	54.91	65.06	64.96	53.16	62.20	69.94	57.65	42.07
431	55.20	65.36	65.24	53.48	62.67	70.32	58.06	42.12
432	55.49	65.65	65.50	53.78	63.14	70.69	58.46	42.17
433	55.78	65.93	65.76	54.08	63.59	71.05	58.84	42.21
434	56.07	66.19	66.00	54.36	64.02	71.40	59.21	42.27
435	56.34	66.45	66.23	54.66	64.45	71.73	59.56	42.33
436	56.62	66.70	66.46	54.93	64.86	72.06	59.91	42.39
437	56.89	66.94	66.68	55.21	65.26	72.37	60.24	42.46
438	57.15	67.18	66.88	55.48	65.65	72.67	60.56	42.53
439	57.41	67.40	67.08	55.74	66.03	72.96	60.87	42.60
440	57.67	67.62	67.27	55.99	66.40	73.25	61.17	42.67
441	57.93	67.83	67.45	56.25	66.76	73.52	61.45	42.74
442	58.18	68.04	67.63	56.50	67.11	73.79	61.72	42.82
443	58.42	68.23	67.80	56.75	67.45	74.04	61.99	42.90
444	58.67	68.43	67.97	56.98	67.78	74.29	62.25	42.99
445	58.91	68.61	68.13	57.22	68.10	74.53	62.49	43.07
446	59.14	68.80	68.28	57.44	68.40	74.77	62.72	43.15
447	59.37	68.97	68.38	57.63	68.70	74.99	62.93	43.22
448	59.60	69.15	68.55	57.86	69.00	75.21	63.15	43.31
449	59.83	69.32	68.70	58.09	69.29	75.42	63.38	43.41
450	60.05	69.48	68.84	58.30	69.56	75.63	63.58	43.50
451	60.26	69.64	68.97	58.51	69.83	75.83	63.78	43.59
452	60.47	69.80	69.10	58.71	70.09	76.02	63.98	43.68
453	60.68	69.95	69.22	58.90	70.34	76.21	64.16	43.78
454	60.89	70.09	69.35	59.09	70.59	76.39	64.35	43.87
455	61.09	70.24	69.47	59.28	70.82	76.57	64.53	43.97
456	61.29	70.39	69.58	59.46	71.06	76.74	64.70	44.06
457	61.48	70.53	69.69	59.64	71.28	76.91	64.85	44.16
458	61.68	70.66	69.80	59.82	71.51	77.07	65.01	44.26
459	61.87	70.79	69.90	59.99	71.71	77.22	65.16	44.35
460	62.06	70.92	70.01	60.16	71.93	77.38	65.31	44.45
461	62.24	71.05	70.10	60.32	72.13	77.53	65.45	44.54
462	62.42	71.18	70.21	60.48	72.33	77.67	65.59	44.64
463	62.60	71.30	70.29	60.64	72.52	77.81	65.72	44.73
464	62.78	71.42	70.39	60.80	72.70	77.94	65.85	44.83
465	62.95	71.54	70.47	60.93	72.88	78.07	65.96	44.92
466	63.12	71.65	70.56	61.09	73.06	78.20	66.09	45.01
467	63.28	71.77	70.65	61.23	73.22	78.32	66.21	45.11
468	63.45	71.88	70.73	61.38	73.39	78.44	66.32	45.20
469	63.61	71.99	70.82	61.51	73.55	78.55	66.43	45.30
470	63.76	72.09	70.90	61.65	73.71	78.66	66.54	45.39
471	63.92	72.20	70.98	61.78	73.86	78.78	66.64	45.49
472	64.07	72.31	71.06	61.91	74.01	78.89	66.74	45.58
473	64.23	72.41	71.13	62.04	74.17	78.99	66.85	45.67
474	64.37	72.51	71.20	62.17	74.31	79.08	66.94	45.76
475	64.52	72.61	71.28	62.29	74.44	79.19	67.03	45.85
476	64.66	72.71	71.35	62.41	74.58	79.27	67.12	45.95
477	64.81	72.80	71.42	62.53	74.71	79.37	67.20	46.03
478	64.95	72.90	71.49	62.65	74.83	79.45	67.29	46.12
479	65.09	72.99	71.56	62.76	74.96	79.54	67.37	46.21
480	65.22	73.08	71.62	62.88	75.07	79.62	67.46	46.31
481	65.36	73.17	71.69	62.99	75.19	79.71	67.54	46.39
482	65.49	73.26	71.75	63.10	75.30	79.79	67.61	46.48
483	65.62	73.35	71.82	63.21	75.41	79.87	67.69	46.56
484	65.74	73.43	71.88	63.30	75.52	79.94	67.76	46.64
485	65.87	73.51	71.93	63.42	75.62	80.02	67.83	46.73
486	65.99	73.60	72.00	63.52	75.72	80.09	67.90	46.82
487	66.11	73.69	72.05	63.62	75.81	80.16	67.97	46.90
